//  _____________________________________________________________
// /                                                             \
// |          _           _   _   _                              |
// |         | |__  _ __ / \ | |_| |__   ___ _ __   __ _         |
// |         | '_ \| '__/ _ \| __| '_ \ / _ \ '_ \ / _` |        |
// |         | |_) | | / ___ \ |_| | | |  __/ | | | (_| |        |
// |         |_.__/|_|/_/   \_\__|_| |_|\___|_| |_|\__,_|        |
// |                                                             |
// |                       brAthena Script                       |
// |-------------------------------------------------------------|
// | Nome do Database: exp.txt                                   |
// |-------------------------------------------------------------|
// | Criado por: eA/brA Dev. Team                                |
// |-------------------------------------------------------------|
// | Descrição: Database de Experiência das Classes.             |
// |-------------------------------------------------------------|
// | Estrutura do Banco de Dados:                                |
// | Nível Máximo,Classes,Tipo (0 - Base  1 - Classe),	         |
// | Exp para Lv 1,2,3,4,5,6,7,8,9,10,11,12,13,14,15,16,17,18,19,|
// | 20,21,22,23,24,25,26,27,28,29,30,31,32,33,34,35,36,37,38,39,|
// | 40,41,42,43,44,45,46,47,48,49,50,51,52,53,54,55,56,57,58,59,|
// | 60,61,62,63,64,65,66,67,68,69,70,71,72,73,74,75,76,77,78,79,|
// | 80,81,82,83,84,85,86,87,88,89,90,91,92,93,94,95,96,97,98,...|                       
// \_____________________________________________________________/
//
//
//========================================================================================================
// Nível de Base - Profissões Normais e Bebês
//========================================================================================================
99,0:1:2:3:4:5:6:7:8:9:10:11:12:13:14:15:16:17:18:19:20:21:23:24:25:26:4023:4024:4025:4026:4027:4028:4029:4030:4031:4032:4033:4034:4035:4036:4037:4038:4039:4040:4041:4042:4043:4044:4045:4046:4047:4048:4049:4050:4051:4052,0,550,900,1500,2200,3200,3800,4200,4550,5000,5500,6000,6100,6350,6700,7350,8000,8400,8800,9200,9700,10300,11000,11800,13000,14000,15000,16000,17000,18000,19000,20000,21000,22000,23200,24000,26000,27500,29000,30000,31500,33000,34000,36000,37500,38000,40000,42000,44500,47000,49000,51000,53000,55000,57000,59000,61500,63000,65000,67000,69000,70000,73000,77000,80000,84000,88000,91000,95000,110000,128000,140000,155000,163000,170000,180000,188000,195000,200000,230000,260000,300000,350000,400000,480000,550000,600000,680000,750000,900000,1000000,1200000,1500000,1800000,2100000,2400000,2800000,3300000,4000000

//========================================================================================================
// Nível de Base - Profissões Avançadas
//========================================================================================================
99,4001:4002:4003:4004:4005:4006:4007:4008:4009:4010:4011:4012:4013:4014:4015:4016:4017:4018:4019:4020:4021:4022,0,660,1080,1800,2640,3840,4560,5040,5460,6000,6600,7200,7320,4620,8040,8820,9600,10080,10560,11040,12610,13390,14300,15340,16900,18460,19500,20800,22100,23400,24700,26000,27300,28600,30160,31200,33800,35750,37700,39000,44100,46200,47600,50400,52500,53200,56000,58800,62300,65800,68600,71400,74200,77000,79800,82600,86100,88200,91000,96800,103500,105000,109500,115500,120000,126000,132000,136500,142500,165000,192000,210000,232500,244500,255000,270000,282000,292500,300000,345000,416000,480000,560000,640000,768000,880000,960000,1088000,1200000,1440000,1700000,2040000,2550000,3060000,3570000,4080000,4760000,5610000,6800000

//========================================================================================================
// Classe - Aprendiz
//========================================================================================================
10,0:4023,1,10,18,28,40,91,151,205,268,340

//========================================================================================================
// Classe - Primeiras Classes (1-1)
//========================================================================================================
50,1:2:3:4:5:6:26:4024:4025:4026:4027:4028:4029:4046,1,60,130,260,460,780,1060,1300,1560,1910,2290,2680,2990,3340,3740,4360,4970,5530,6120,6700,8090,8920,9970,11080,12690,14440,15850,17400,19220,21060,22870,24910,26840,29080,31320,33300,37110,40500,43570,46180,53510,57200,60310,65690,70090,72130,77540,83320,90120,97180

//========================================================================================================
// Classe - Segundas Classes (2-1 | 2-2)
//========================================================================================================
50,7:8:9:10:11:12:13:14:15:16:17:18:19:20:21:4030:4031:4032:4033:4034:4035:4036:4037:4038:4039:4040:4041:4042:4043:4044:4049:4050:4051:4052,1,2500,4200,7000,10300,15900,18900,20900,22600,24900,28800,31500,32000,33300,35100,40500,44100,46300,48500,50700,56000,59400,63500,68100,75000,85700,90500,96600,102600,108600,119700,126000,132300,138600,146100,157500,170600,180400,190300,196800,214900,225200,232000,245700,255900,279300,294000,308700,327000,345400

//========================================================================================================
// Classe - Super Aprendiz
//========================================================================================================
99,23:4045,1,60,130,260,460,780,1060,1300,1560,1910,2290,2680,2990,3340,3740,4360,4970,5530,6120,6700,8090,8920,9970,11080,12690,14440,15850,17400,19220,21060,22870,24910,26840,29080,31320,33300,37110,40500,43570,46180,53510,57200,60310,65690,70090,72130,77540,83320,90120,97180,590100,600100,610100,620100,630100,640100,650100,660100,670100,680100,690100,700100,710100,720100,730100,740100,750100,760100,770100,780100,790100,800100,810100,820100,830100,840100,850100,860100,870100,880100,890100,900100,910100,920100,930100,940100,950100,960100,970100,980100,990100,1000100,1010100,1020100,1030100,1040100,1050100,1060100,1070100

//========================================================================================================
// Classe - Aprendiz T
//========================================================================================================
10,4001,1,12,22,35,50,113,188,256,335,425

//========================================================================================================
// Classe - Primeiras Classes T
//========================================================================================================
50,4002:4003:4004:4005:4006:4007,1,340,550,760,990,1250,1600,1980,2340,2740,3140,3950,4510,5210,5950,7000,8150,9130,10220,11480,12780,14090,15560,16980,18620,20280,21780,24510,27000,29000,31000,36000,39000,41000,45000,49000,51900,55000,59450,64630,70030,74940,79800,84630,89610,95170,100420,107250,112070,118120

//========================================================================================================
// Classe - Transclasses (2-1 | 2-2)
//========================================================================================================
70,4008:4009:4010:4011:4012:4013:4014:4015:4016:4017:4018:4019:4020:4021:4022,1,3800,6200,10400,15200,22900,27100,30000,32500,35700,41300,45000,45800,47600,50300,58700,63900,67100,70300,73500,90600,96200,102700,110200,121400,144700,152900,163100,173300,183500,213500,224700,236000,247200,260700,299800,324800,343600,362300,374800,474400,497000,512100,542200,564800,644300,678200,712100,754500,796900,949300,988100,1026800,1065600,1104300,1334800,1371400,1425300,1470600,1515800,2003800,2032800,2119900,2236100,2323200,3025300,3433300,3776600,4436900,6758400

//========================================================================================================
// Classe - Mestre Taekwon
//========================================================================================================
50,4047:4048,1,15000,15000,15000,15000,15000,15000,15000,15000,15000,15000,15000,15000,15000,15000,15000,15000,15000,15000,25000,30000,32000,34000,36000,38000,40000,42000,44000,46000,48000,50000,52000,54000,56000,58000,60000,63000,66000,69000,72000,75000,80000,85000,90000,95000,100000,110000,120000,130000,150000

//========================================================================================================
// Classe - Ninja/Justiceiro
//========================================================================================================
70,24:25,1,200,300,400,600,700,1000,1200,1400,1700,1900,2400,2700,3200,3600,4200,4900,5500,6100,6900,7700,8400,9300,10100,11100,12100,13000,14600,16100,17500,18600,21500,23300,24700,27000,29000,30000,32400,35000,38100,41100,44000,46700,49600,52500,55600,58900,62700,65500,69200,72300,81200,84100,89300,95500,100900,107800,114900,120700,128600,150500,176900,196100,219600,234200,247900,266400,281300,296600,308000

//========================================================================================================
// Nível de Base - 3° Classes - Normais & Bebês
//========================================================================================================
150,4054:4055:4056:4057:4058:4059:4060:4061:4062:4063:4064:4065:4066:4067:4068:4069:4070:4071:4072:4073:4074:4075:4076:4077:4078:4079:4080:4081:4082:4083:4084:4085:4086:4087:4096:4097:4098:4099:4100:4101:4102:4103:4104:4105:4106:4107:4108:4109:4110:4111:4112:4190:4191,0,10,18,28,40,85,123,168,220,278,400,481,613,731,875,1038,1213,1400,1575,1775,2268,2604,2786,3136,3506,4130,4796,5508,6264,9645,12392,14220,16159,18209,21649,24451,27401,30499,33748,47342,58160,64711,71573,78749,90144,99312,108870,118816,129154,174196,213220,238080,264150,291427,329640,363155,398116,434526,472381,610848,731828,806448,884232,965180,1073896,1170382,1270556,1374422,1481976,1850800,3389616,3666333,3953534,4251217,4559382,5129260,5488173,5859059,6241919,7374168,9570662,10458427,11380262,12336168,13326144,14994907,16130400,17304200,18516326,19766760,29216160,34949880,40930560,55017900,71510400,106974000,146061000,174405000,343210000,360090500,377815025,396425776,415967065,436485418,459055606,470340701,482190050,494631866,507695773,523372462,531210807,535913813,540851970,546037035,552259113,555370152,558636742,562066663,565668079,569989779,572150629,573447138,574808474,576237876,577953159,579325385,580766222,582279101,583867625,588633194,592445650,596639351,601252423,606326801,616475558,624594564,633525470,643349467,654155864,691978251,722236162,755519863,792131935,832405213,912951771,977389016,1031157636,1153302698,1236233433,1650887110

//========================================================================================================
// Nível de Base - 3° Classes T
//========================================================================================================
150,4060:4061:4062:4063:4064:4065:4073:4074:4075:4076:4077:4078:4079:4081:4083:4085:4087,0,660,1080,1800,2640,3840,4560,5040,5460,6000,6600,7200,7320,4620,8040,8820,9600,10080,10560,11040,12610,13390,14300,15340,16900,18460,19500,20800,22100,23400,24700,26000,27300,28600,30160,31200,33800,35750,37700,39000,44100,46200,47600,50400,52500,53200,56000,58800,62300,65800,68600,71400,74200,77000,79800,82600,86100,88200,91000,96800,103500,105000,109500,115500,120000,126000,132000,136500,142500,165000,192000,210000,232500,244500,255000,270000,282000,292500,300000,345000,416000,480000,560000,640000,768000,880000,960000,1088000,1200000,1440000,1700000,2040000,2550000,3060000,3570000,4080000,4760000,5610000,6800000,7070000,7400000,7770000,8150000,8550000,9100000,9610000,10150000,10570000,11180000,12000000,12200000,12930000,13150000,14030000,14420000,15420000,15670000,16870000,17140000,18720000,19020000,20590000,20930000,22690000,23310000,25290000,26020000,27860000,28535000,30990000,31680000,33560000,34942000,36372000,38350000,39890000,41545000,43330000,45400000,48100000,50410000,53370000,56250000,59230000,62590000,66120000,70200000,75330000,81100000,95000000

//========================================================================================================
// Classe - 3° Classes - Normais & Bebês (Normais e T)
//========================================================================================================
50,4054:4055:4056:4057:4058:4059:4060:4061:4062:4063:4064:4065:4066:4067:4068:4069:4070:4071:4072:4073:4074:4075:4076:4077:4078:4079:4080:4081:4082:4083:4084:4085:4086:4087:4096:4097:4098:4099:4100:4101:4102:4103:4104:4105:4106:4107:4108:4109:4110:4111:4112,1,112000,355000,15000,917000,1253000,1595000,2007000,2430000,2868000,3420000,3863000,4504000,4998000,5769000,6321000,7254000,7870000,9015000,9530000,11072000,11848000,13467000,14337000,16243000,17216000,19446000,20781000,23070000,24453000,27568000,29118000,31820000,34125000,37048000,40204000,42972000,45937000,49110000,52696000,57158000,61305000,67167000,72285000,77646000,83624000,91113000,98548000,107630000,119077000

//========================================================================================================
// Classe - Super Aprendiz T & Super Bebê T
//========================================================================================================
50,4190:4191,1,30,43,58,76,116,180,220,272,336,520,604,699,802,948,1125,1668,1937,2226,3040,3988,5564,6272,7021,9114,11473,15290,16891,18570,23229,28359,36478,39716,43088,52417,62495,78160,84175,90404,107611,125915,153941,191781,204351,248352,286212,328955,377083,431132,491676,559324,634723,718557,811549,914458,1028082,1153255,1290848,1441766,1606949,1787369,1984031,2197968,2430240,2681934,2954159,3248044,3564736,3905397,4271200,4663326,5082962,5531297,6009517,6518804,7060331,7635258,8244729,8889869,9571780,10291536,11050182,11848729,12688151,13569383,14493317,15460800,16472628,17529549,18632256,19781387,20977523,22221186,23512836,24852871,26241627,27679375,29166322,30702608,32288308,33923432,35607923,37341659,39124453,40956055,42836150,44764361,46740250,48763319,50833011,52948714,55109760,57315427,59564942,61857484,64192184,66568128,68984360,71439882,73933660,76464624,79031670,81633664,84269444,86937821,89637583,92367498,95126314,97912764,100725566,103563428,106425047,109309113,112214313,115139328,118082841,121043535,124020096,127011214,130015587,133031921,136058931,139095344,142139901,145191355,148248476,151310051,154374884,157441798,160509638,163577267,166643572,169707462,172767868,175823747,178874080,181917872,184954154,187981983,191000442,194008641,197005716,199990830,202963174,205921964,208866445,211795888,214709591,217606880,220487106,223349647,226193908,229019320,231825340,234611449,237377155,240121991,242845513,245547302,248226962,250884122,253518432,256129566,258717218,261281106,263820967,266336559,268827661,271294071,273735605,276152100,278543408,280909401,283249967,285565011,287854454,290118232,292356296,294568612,296755160,298915934,301050940,303160198,305243739,307301606,309333854,311340547,313321762,315277584,317208107,319113436,320993684,322848972,324679429,326485191,328266402,330023212,331755778,333464263,335148836,336809671,338446947,340060848,341651562,343219283,344764207,346286534,347786469,349264218,350719990,352153998,353566457,354957584,356327598,357676720,359005172,360313177,361600961,362868749,364116768,365345245,366554409,367744487,368915708,370068300,371202492,372318512,373416587,374496946,375559815,376605421,377633989,378645744,379640909,380619707,381582360,382529088,383460111,384375646,385275910,386161118,387031483,387887217,388728531,389555633,390368730,391168027,391953728,392726034,393485145,394231258,394964570,395685274,396393563,397089626,397773652,398445826,399106332,399755353,400393068,401019655,401635289,402240145,402834393,403418204,403991744,404555179,405108673,405652386,406186478,406711105,407226423,407732584,408229739,408718037,409197625,409668648,410131248,410585566,411031741,411469910,411900208,412322767,412737719,413145193,413545315,413938212,414324006,414702820,415074773,415439983,415798566,416150637,416496308,416835690,417168893,417496024,417817188,418132490,418442033,418745917,419044242,419337105,419624602,419906829,420183878,420455840,420722806,420984864,421242102,421494605,421742458,421985743,422224542,422458935,422689001,422914818,423136461,423354006,423567526,423777094,423982781,424184657,424382791,424577250,424768101,424955409,425139238,425319652,425496712,425670480,425841015,426008376,426172621,426333807,426491990,426647225,426799565,426949063,427095772,427239742,427381024,427519667,427655720,427789230,427920243,428048806,428174964,428298761,428420241,428539446,428656418,428771199,428883829,428994348,429102794,429209207,429313623,429416080,429516614,429615261,429712056,429807033,429900226,429991668,430081391,430169428,430255809,430340566,430423729,430505327,430585390,430663946,430741024,430816650,430890852,430963657,431035091,431105179,431173946,431241417,431307617,431372569,431436296,431498821,431560167,431620356,431679410,431737350,431794196,431849969,431904690,431958378,432011052,432062732,432113436,432163182,432211988,432259872,432306852,432352944,432398165,432442532,432486060,432528765,432570663,432611769,432652098,432691664,432730482,432768566,432805929,432842585,432878548,432913831,432948446,432982406,433015723,433048410,433080478,433111939,433142805,433173086,433202794,433231939,433260533,433288585,433316106,433343106,433369594,433395581,433421075,433446086,433470624,433494697,433518314,433541483,433564213,433586512,433608389,433629851,433650906,433671562,433691827,433711708,433731212,433750346,433769117,433787533,433805599,433823323,433840711,433857769,433874504,433890921,433907027,433922828,433938329,433953536,433968454,433983089,433997447,434011533,434025351,434038907,434052206,434065253,434078052,434090608,434102926,434115010,434126865,434138495,434149905,434161098,434172079,434182851,434193419,434203786,434213957,434223935,434233723,434243325,434252745,434261986,434271052,434279946,434288671,434297230,434305627,434313865,434321946,434329874,434337651,434345281,434352766,434360109,434367312,434374379,434381311,434388112,434394784,434401329,434407750,434414049,434420228,434426290,434432237,434438071,434443794,434449408,434454916,434460319,434465620,434470820,434475921,434480925,434485834,434490650,434495375,434500010,434504557,434509017,434513393,434517686,434521897,434526028,434530081,434534057,434537957,434541783,434545536,434549218,434552830,434556374,434559850,434563260,434566605,434569887,434573107,434576265,434579363,434582403,434585385,434588310,434591180,434593995,434596757,434599466,434602124,434604731,434607289,434609798,434612259,434614674,434617043,434619367,434621647,434623883,434626077,434628229,434630340,434632411,434634443,434636436,434638391,434640309,434642191,434644037,434645848,434647624,434649367,434651077,434652754,434654399,434656013,434657596,434659149,434660673,434662168,434663634,434665072,434666483,434667867,434669225,434670557,434671864,434673146,434674404,434675638,434676848,434678035,434679200,434680343,434681464,434682564,434683643,434684701,434685739,434686757,434687756,434688736,434689697,434690640,434691565,434692473,434693363,434694236,434695093,434695934,434696759,434697568,434698362,434699140,434699904,434700653,434701388,434702109,434702816,434703510,434704191,434704859,434705514,434706156,434706786,434707404,434708011,434708606,434709190,434709763,434710325,434710876,434711417,434711947,434712467,434712977,434713478,434713969,434714451,434714924,434715388,434715843,434716289,434716727,434717156,434717577,434717990,434718395,434718793,434719183,434719566,434719941,434720309,434720670,434721024,434721372,434721713,434722047,434722375,434722697,434723013,434723323,434723627,434723925,434724217,434724504,434724785,434725061,434725332,434725598,434725859,434726115,434726366,434726612,434726853,434727090,434727322,434727550,434727773,434727992,434728207,434728418,434728625,434728828,434729027,434729222,434729414,434729602,434729786,434729967,434730144,434730318,434730489,434730656,434730820,434730981,434731139,434731294,434731446,434731595,434731741,434731885,434732026,434732164,434732299,434732432,434732562,434732690,434732815,434732938,434733059,434733177,434733293,434733407,434733519,434733629,434733737,434733842,434733945,434734046,434734146,434734244,434734340,434734434,434734526,434734616,434734705,434734792,434734877,434734961,434735043,434735123,434735202,434735279,434735355,434735430,434735503,434735575,434735645,434735714,434735782,434735848,434735913,434735977,434736040,434736101,434736161,434736220,434736278,434736335,434736391,434736446,434736500,434736553,434736605,434736656,434736706,434736755,434736803,434736850,434736896,434736941,434736985,434737028,434737071,434737113,434737154,434737194,434737233,434737272,434737310,434737347,434737383,434737419,434737454,434737488,434737522,434737555,434737587,434737619,434737650,434737681,434737711,434737740,434737769,434737797,434737825,434737852,434737879,434737905,434737931,434737956,434737981,434738005,434738029,434738052,434738075,434738097,434738119,434738140,434738161,434738182,434738202,434738222,434738241,434738260,434738279,434738297,434738315,434738333,434738350,434738367,434738384,434738400,434738416,434738432,434738447,434738462,434738477,434738491,434738505,434738519,434738533,434738546,434738559,434738572,434738585,434738597,434738609,434738621,434738633,434738644,434738655,434738666,434738677,434738688,434738698,434738708,434738718,434738728,434738738,434738747,434738756,434738765,434738774,434738783,434738791,434738799,434738807,434738815,434738823,434738831,434738838,434738845,434738852,434738859,434738866,434738873,434738880,434738886,434738892,434738898,434738904,434738910,434738916,434738922,434738928,434738933,434738938,434738943,434738948,434738953,434738958,434738963,434738968,434738973,434738978,434738982,434738986,434738990,434738994,434738998,434739002,434739006,434739010,434739014,434739018,434739022,434739025,434739028,434739031,434739034,434739037,434739040,434739043,434739046,434739049,434739052,434739055,434739058,434739061,434739064,434739067,434739069,434739071,434739073,434739075,434739077,434739079,434739081,434739083,434739085,434739087,434739089,434739091,434739093,434739095,434739097,434739099,434739101,434739103,434739105,434739107,434739109,434739110,434739111,434739112,434739113,434739114,434739115,434739116,434739117,434739118,434739119,434739120,434739121,434739122,434739123,434739124,434739125,434739126,434739127,434739128,434739129,434739130,434739131,434739132,434739133,434739134,434739135,434739136,434739137,434739138,434739139,434739140,434739141,434739142,434739143,434739144,434739145,434739146,434739146,434739146,434739146,434739146,434739146,434739146,434739146,434739146,434739146,434739146,434739146,434739146,434739146,434739146,434739146,434739146,434739146,434739146,434739146,434739146
//========================================================================================================