//  ________________________________________________________
// /                                                        \
// |       _           _   _   _                            |
// |      | |__  _ __ / \ | |_| |__   ___ _ __   __ _       |
// |      | '_ \| '__/ _ \| __| '_ \ / _ \ '_ \ / _` |      |
// |      | |_) | | / ___ \ |_| | | |  __/ | | | (_| |      |
// |      |_.__/|_|/_/   \_\__|_| |_|\___|_| |_|\__,_|      |
// |                                                        |
// |                    brAthena Script                     |
// |--------------------------------------------------------|
// | Nome do Database: job_db2.txt                          |
// |--------------------------------------------------------|
// | Criado por: eA/brA Dev. Team                           |
// |--------------------------------------------------------|
// | Descrição: Banco de Dados bônus de status das classes  |
// |--------------------------------------------------------|
// | Estrutura do Banco de Dados:                           |
// | JobID,JobLv1,JobLv2,JobLv3,JobLv4,JobLv5,JobLv6,JobLv7,|
// | JobLv8,JobLv9...                                       |
// | Legenda para os campos 'JobLvX':                       |
// | 0 = Nenhum bônus de status nesse level                 |
// | 1 = STR + 1 nesse job level                            |
// | 2 = AGI + 1 nesse job level                            |
// | 3 = VIT + 1 nesse job level                            |
// | 4 = INT + 1 nesse job level                            |
// | 5 = DEX + 1 nesse job level                            |
// | 6 = LUK + 1 nesse job level                            |
// \________________________________________________________/
//
// Aprendiz
0,0,0,0,0,0,0,0,0,0
// Espadachim
1,0,1,0,0,0,3,0,0,0,5,0,0,0,1,0,0,0,3,0,0,0,5,0,0,0,6,0,0,0,2,0,0,1,0,0,5,0,3,0,1,0,3,0,6,0,2,1,0,1,1
// Mago
2,0,4,0,0,0,5,0,0,0,5,0,0,0,4,0,0,0,2,0,0,0,4,0,0,0,2,0,0,0,6,0,0,4,0,0,5,0,4,0,2,0,6,0,4,0,4,2,0,6,4
// Arqueiro
3,0,5,0,0,0,1,0,0,0,4,0,0,0,5,0,0,0,5,0,0,0,6,0,0,0,2,0,0,0,5,0,0,2,0,0,5,0,1,0,1,0,5,0,6,0,3,4,0,2,5
// Noviço
4,0,6,0,0,0,3,0,0,0,4,0,0,0,5,0,0,0,6,0,0,0,2,0,0,0,1,0,0,0,3,0,0,4,0,0,5,0,6,0,2,0,1,0,3,0,4,5,0,1,6
// Mercador
5,0,3,0,0,0,5,0,0,0,1,0,0,0,5,0,0,0,3,0,0,0,1,0,0,0,4,0,0,0,3,0,0,0,0,0,6,0,5,0,1,2,5,0,1,0,6,3,0,1,5
// Gatuno
6,0,2,0,0,0,1,0,0,0,5,0,0,0,3,0,0,0,4,0,0,0,5,0,0,0,6,0,0,0,1,0,0,2,0,0,1,0,2,0,6,0,5,0,3,0,6,1,0,5,2
// Cavaleiro
7,3,0,3,1,6,0,0,3,0,1,5,3,2,0,1,0,3,3,5,6,1,0,3,0,0,0,1,6,3,0,5,0,1,0,0,3,6,2,0,5,0,0,3,0,0,1,1,5,5,0
// Sacerdote
8,6,0,6,1,0,2,3,4,4,6,1,0,0,3,5,0,1,0,0,5,6,4,0,0,5,0,1,0,2,0,6,5,0,3,1,3,2,0,6,0,0,4,4,0,3,0,0,2,0,6
// Bruxo
9,4,5,0,4,5,2,0,0,4,2,0,1,5,0,6,0,0,4,0,0,0,4,0,2,0,5,0,0,4,0,4,5,4,2,0,6,0,3,5,4,2,0,2,0,4,2,2,4,0,4
// Ferreiro
10,5,0,1,5,5,0,3,1,0,5,6,5,3,0,0,1,0,0,5,3,4,0,1,0,0,5,0,5,2,0,1,3,0,4,0,5,3,2,5,5,0,0,0,1,0,6,5,0,3,0
// Caçador
11,5,0,4,5,1,0,6,5,0,1,1,2,0,5,6,0,3,0,2,2,5,3,0,0,0,0,5,0,6,0,2,0,5,4,0,0,0,5,2,0,4,6,5,1,0,4,2,0,5,0
// Mercenário
12,2,2,2,4,0,3,0,3,5,0,1,0,0,4,2,2,2,2,2,2,2,0,0,5,1,0,1,0,0,5,5,1,0,0,0,0,0,4,0,5,5,4,0,0,1,5,0,1,0,5
// Cavaleiro (Peco)
13,3,0,3,1,6,0,0,3,0,1,5,3,2,0,1,0,3,3,5,6,1,0,3,0,0,0,1,6,3,0,5,0,1,0,0,3,6,2,0,5,0,0,3,0,0,1,1,5,5,0
// Templário
14,6,6,6,6,6,0,1,0,4,0,1,3,0,5,3,0,1,0,0,4,4,3,1,0,1,0,0,5,0,2,0,1,0,5,4,2,0,4,0,3,3,0,0,4,0,3,0,1,0,3
// Monge
15,1,1,0,5,2,0,3,0,0,2,0,1,1,0,6,4,0,2,0,3,2,5,2,0,3,1,1,0,0,5,0,6,3,0,2,0,0,4,0,6,3,0,5,2,0,3,0,0,1,1
// Sábio
16,4,0,2,3,0,2,0,4,0,0,3,0,2,0,4,0,6,3,0,5,0,2,0,4,5,0,5,0,0,4,0,5,2,0,6,0,4,4,5,6,0,1,0,1,4,1,1,1,0,4
// Arruaceiro
17,2,3,5,0,1,3,2,0,3,0,5,0,0,3,3,2,0,5,0,5,0,0,2,0,1,3,1,0,2,1,0,0,5,5,0,1,0,4,2,0,0,1,4,0,2,0,4,4,0,5
// Alquimista
18,4,5,5,0,0,1,0,5,4,0,2,0,5,2,1,0,4,0,5,3,5,0,4,4,5,1,0,5,4,0,3,5,0,1,0,3,0,4,0,2,0,0,1,0,2,0,0,0,2,2
// Bardo
19,5,2,1,0,4,6,5,0,6,2,2,0,4,0,5,5,3,0,5,6,4,0,0,2,0,0,0,1,0,2,0,5,3,0,2,0,0,5,0,4,6,0,3,0,0,5,4,2,0,5
// Odalisca
20,6,2,1,0,4,5,6,0,5,2,2,0,4,0,6,5,3,0,6,5,4,0,0,2,0,0,0,1,0,2,0,6,3,0,2,0,0,6,0,4,5,0,3,0,0,6,4,2,0,6
// Templário (Peco)
21,6,6,6,6,6,0,1,0,4,0,1,3,0,5,3,0,1,0,0,4,4,3,1,0,1,0,0,5,0,2,0,1,0,5,4,2,0,4,0,3,3,0,0,4,0,3,0,1,0,3
// 22: Casamento
// Super Aprendiz
23,1,0,2,0,3,0,4,0,5,0,6,0,1,0,2,0,3,0,4,0,5,0,6,0,1,0,2,0,3,0,4,0,5,0,6,0,1,0,2,0,3,0,4,0,5,0,6,0,1,0,0,2,0,0,0,3,0,0,0,4,0,0,0,5,0,0,0,6,0,0,0,0,0,0,0,0,0,0,0,0,0,0,0,0,0,0,0,0,0,0,0,0,0,0,0,0,0,0,0
// Justiceiro
24,5,6,0,6,0,5,0,0,0,0,5,6,0,0,0,0,5,0,0,0,6,0,0,0,5,0,0,0,0,0,6,1,0,0,5,0,0,0,0,0,1,0,0,0,5,0,0,0,0,1,6,4,0,0,5,0,0,0,2,3,4,5,6,1,0,0,0,0,0,0
// Ninja
25,2,2,0,0,0,0,0,0,0,5,2,0,0,0,0,0,0,0,0,4,2,5,0,0,0,0,0,0,4,6,2,5,0,0,0,0,0,0,0,6,2,4,5,0,0,0,0,0,0,4,2,6,5,0,0,0,0,0,1,3,2,4,5,6,0,0,0,0,0,0
// Aprendiz T.
4001,0,0,0,0,0,0,0,0,0,0
// Espadachim T.
4002,0,1,0,0,0,3,0,0,0,5,0,0,0,1,0,0,0,3,0,0,0,5,0,0,0,6,0,0,0,2,0,0,1,0,0,5,0,3,0,1,0,3,0,6,0,2,1,0,1,1
// Mago T.
4003,0,4,0,0,0,5,0,0,0,5,0,0,0,4,0,0,0,2,0,0,0,4,0,0,0,2,0,0,0,6,0,0,4,0,0,5,0,4,0,2,0,6,0,4,0,4,2,0,6,4
// Arqueiro T.
4004,0,5,0,0,0,1,0,0,0,4,0,0,0,5,0,0,0,5,0,0,0,6,0,0,0,2,0,0,0,5,0,0,2,0,0,5,0,1,0,1,0,5,0,6,0,3,4,0,2,5
// Noviço T.
4005,0,6,0,0,0,3,0,0,0,4,0,0,0,5,0,0,0,6,0,0,0,2,0,0,0,1,0,0,0,3,0,0,4,0,0,5,0,6,0,2,0,1,0,3,0,4,5,0,1,6
// Mercador T.
4006,0,3,0,0,0,5,0,0,0,1,0,0,0,5,0,0,0,3,0,0,0,1,0,0,0,4,0,0,0,3,0,0,0,0,0,6,0,5,0,1,2,5,0,1,0,6,3,0,1,5
// Gatuno T.
4007,0,2,0,0,0,1,0,0,0,5,0,0,0,3,0,0,0,4,0,0,0,5,0,0,0,6,0,0,0,1,0,0,2,0,0,1,0,2,0,6,0,5,0,3,0,6,1,0,5,2
// Lorde
4008,1,2,6,5,3,1,1,1,0,2,5,3,4,2,0,5,2,0,1,0,0,3,0,0,1,0,6,5,3,0,5,0,1,0,0,5,2,6,0,3,1,0,3,5,0,1,1,0,5,0,0,1,2,0,0,1,1,3,0,2,0,5,0,1,2,0,4,3,0,1
// Sumo-Sacerdote
4009,4,0,2,3,1,0,4,2,0,0,4,1,5,0,0,5,0,0,2,4,1,3,4,4,0,5,0,5,2,3,1,0,0,4,0,0,5,1,0,6,0,2,5,0,1,5,4,0,6,3,3,0,0,0,2,5,4,3,0,1,4,5,0,0,2,4,3,2,0,4
// Arquimago
4010,4,5,3,0,4,0,0,2,5,4,0,6,0,4,0,0,5,2,4,1,0,5,5,4,0,2,0,4,3,0,5,4,0,2,0,0,4,4,4,1,6,0,5,0,0,4,3,0,4,2,0,0,3,0,4,2,6,0,4,1,5,4,0,0,2,3,5,0,2,4
// Mestre-Ferreiro
4011,5,1,1,4,0,5,2,6,3,0,0,5,3,0,4,6,1,0,2,2,0,4,5,0,0,1,0,6,3,0,2,5,1,4,0,2,0,5,6,0,5,0,0,6,6,0,5,3,0,4,0,1,0,0,5,5,0,2,0,3,4,5,0,2,3,6,6,0,0,5
// Atirador de Elite
4012,5,2,5,5,4,2,0,1,0,2,2,3,0,6,0,5,5,0,0,4,2,5,0,1,6,5,0,2,0,5,6,3,2,0,5,6,0,2,0,5,0,4,2,0,1,5,0,2,0,6,5,0,0,4,3,0,6,2,0,5,1,6,0,0,4,0,0,0,5,6
// Algoz
4013,2,1,6,2,2,0,1,6,3,5,0,1,0,0,2,6,0,6,0,2,1,0,5,2,2,6,0,0,1,0,2,2,2,6,0,0,5,1,5,0,0,2,5,0,0,2,3,6,0,1,2,0,5,1,0,2,5,0,0,0,5,2,0,5,6,1,0,0,3,5
// Lorde (Peco)
4014,1,2,6,5,3,1,1,1,0,2,5,3,4,2,0,5,2,0,1,0,0,3,0,0,1,0,6,5,3,0,5,0,1,0,0,5,2,6,0,3,1,0,3,5,0,1,1,0,5,0,0,1,2,0,0,1,1,3,0,2,0,5,0,1,2,0,4,3,0,1
// Paladino
4015,3,1,2,0,0,5,4,2,3,1,0,5,0,4,3,2,5,1,0,0,3,0,5,2,0,1,0,0,4,3,0,0,1,0,0,5,2,0,6,1,0,3,4,0,5,0,0,1,3,0,0,2,3,4,1,0,5,0,6,2,4,0,3,1,4,0,6,5,3,2
// Mestre
4016,1,4,3,2,0,5,0,0,1,0,4,2,6,0,3,5,1,0,0,2,2,5,0,3,0,0,1,0,2,5,0,0,4,6,0,0,1,5,3,0,0,3,0,5,2,6,4,1,0,5,0,2,5,0,0,4,0,3,1,5,0,2,0,4,1,1,5,3,4,2
// Professor
4017,4,4,2,0,1,0,3,5,0,0,4,2,0,4,0,5,0,1,0,5,6,4,2,3,0,5,1,0,5,4,0,2,0,5,0,1,5,4,3,0,4,0,2,0,1,5,0,0,4,2,0,5,0,2,5,1,4,0,0,2,0,5,3,4,0,6,0,4,2,4
// Desordeiro
4018,1,2,0,6,4,3,0,0,2,5,1,2,0,0,3,5,5,0,0,6,2,1,0,6,0,5,2,0,5,0,6,1,0,2,0,0,5,5,0,0,2,3,1,4,2,0,1,0,5,6,0,5,1,0,0,5,4,2,6,5,0,1,3,2,0,5,1,0,0,2
// Criador
4019,5,0,6,0,2,1,4,6,3,5,0,0,4,0,5,0,0,2,0,6,0,4,5,0,6,0,2,0,0,4,1,0,3,6,5,0,0,2,0,0,5,5,5,0,6,4,5,0,5,0,6,6,1,2,0,5,5,0,4,6,3,0,5,6,0,1,2,4,6,5
// Menestrel
4020,2,5,0,2,1,0,5,4,2,1,6,0,2,0,5,3,0,6,1,0,4,0,5,2,0,6,0,4,0,5,0,2,1,0,0,2,0,0,5,5,4,0,5,0,1,0,6,0,2,5,0,0,2,1,0,5,5,2,3,0,5,1,5,0,2,5,0,2,4,1
// Cigana
4021,5,1,0,2,0,1,0,4,5,0,2,2,2,5,5,0,3,5,0,1,0,0,5,5,2,4,6,5,0,0,2,0,5,0,1,0,0,2,4,0,5,0,5,0,5,0,2,0,5,1,0,2,4,3,0,0,2,5,0,4,2,2,6,0,5,1,2,0,5,2
// Paladino (Peco)
4022,3,1,2,0,0,5,4,2,3,1,0,5,0,4,3,2,5,1,0,0,3,0,5,2,0,1,0,0,4,3,0,0,1,0,0,5,2,0,6,1,0,3,4,0,5,0,0,1,3,0,0,2,3,4,1,0,5,0,6,2,4,0,3,1,4,0,6,5,3,2
// Aprendiz Bebê
4023,0,0,0,0,0,0,0,0,0,0
// Espadachim Bebê
4024,0,1,0,0,0,3,0,0,0,5,0,0,0,1,0,0,0,3,0,0,0,5,0,0,0,6,0,0,0,2,0,0,1,0,0,5,0,3,0,1,0,3,0,6,0,2,1,0,1,1
// Mago Bebê
4025,0,4,0,0,0,5,0,0,0,5,0,0,0,4,0,0,0,2,0,0,0,4,0,0,0,2,0,0,0,6,0,0,4,0,0,5,0,4,0,2,0,6,0,4,0,4,2,0,6,4
// Arqueiro Bebê
4026,0,5,0,0,0,1,0,0,0,4,0,0,0,5,0,0,0,5,0,0,0,6,0,0,0,2,0,0,0,5,0,0,2,0,0,5,0,1,0,1,0,5,0,6,0,3,4,0,2,5
// Noviço Bebê
4027,0,6,0,0,0,3,0,0,0,4,0,0,0,5,0,0,0,6,0,0,0,2,0,0,0,1,0,0,0,3,0,0,4,0,0,5,0,6,0,2,0,1,0,3,0,4,5,0,1,6
// Mercador Bebê
4028,0,3,0,0,0,5,0,0,0,1,0,0,0,5,0,0,0,3,0,0,0,1,0,0,0,4,0,0,0,3,0,0,0,0,0,6,0,5,0,1,2,5,0,1,0,6,3,0,1,5
// Gatuno Bebê
4029,0,2,0,0,0,1,0,0,0,5,0,0,0,3,0,0,0,4,0,0,0,5,0,0,0,6,0,0,0,1,0,0,2,0,0,1,0,2,0,6,0,5,0,3,0,6,1,0,5,2
// Cavaleiro Bebê
4030,3,0,3,1,6,0,0,3,0,1,5,3,2,0,1,0,3,3,5,6,1,0,3,0,0,0,1,6,3,0,5,0,1,0,0,3,6,2,0,5,0,0,3,0,0,1,1,5,5,0
// Sacerdote Bebê
4031,6,0,6,1,0,2,3,4,4,6,1,0,0,3,5,0,1,0,0,5,6,4,0,0,5,0,1,0,2,0,6,5,0,3,1,3,2,0,6,0,0,4,4,0,3,0,0,2,0,6
// Bruxo Bebê
4032,4,5,0,4,5,2,0,0,4,2,0,1,5,0,6,0,0,4,0,0,0,4,0,2,0,5,0,0,4,0,4,5,4,2,0,6,0,3,5,4,2,0,2,0,4,2,2,4,0,4
// Ferreiro Bebê
4033,5,0,1,5,5,0,3,1,0,5,6,5,3,0,0,1,0,0,5,3,4,0,1,0,0,5,0,5,2,0,1,3,0,4,0,5,3,2,5,5,0,0,0,1,0,6,5,0,3,0
// Caçador Bebê
4034,5,0,4,5,1,0,6,5,0,1,1,2,0,5,6,0,3,0,2,2,5,3,0,0,0,0,5,0,6,0,2,0,5,4,0,0,0,5,2,0,4,6,5,1,0,4,2,0,5,0
// Mercenário Bebê
4035,2,2,2,4,0,3,0,3,5,0,1,0,0,4,2,2,2,2,2,2,2,0,0,5,1,0,1,0,0,5,5,1,0,0,0,0,0,4,0,5,5,4,0,0,1,5,0,1,0,5
// Cavaleiro Bebê (Peco)
4036,3,0,3,1,6,0,0,3,0,1,5,3,2,0,1,0,3,3,5,6,1,0,3,0,0,0,1,6,3,0,5,0,1,0,0,3,6,2,0,5,0,0,3,0,0,1,1,5,5,0
// Templário Bebê
4037,6,6,6,6,6,0,1,0,4,0,1,3,0,5,3,0,1,0,0,4,4,3,1,0,1,0,0,5,0,2,0,1,0,5,4,2,0,4,0,3,3,0,0,4,0,3,0,1,0,3
// Monge Bebê
4038,1,1,0,5,2,0,3,0,0,2,0,1,1,0,6,4,0,2,0,3,2,5,2,0,3,1,1,0,0,5,0,6,3,0,2,0,0,4,0,6,3,0,5,2,0,3,0,0,1,1
// Sábio Bebê
4039,4,0,2,3,0,2,0,4,0,0,3,0,2,0,4,0,6,3,0,5,0,2,0,4,5,0,5,0,0,4,0,5,2,0,6,0,4,4,5,6,0,1,0,1,4,1,1,1,0,4
// Arruaceiro Bebê
4040,2,3,5,0,1,3,2,0,3,0,5,0,0,3,3,2,0,5,0,5,0,0,2,0,1,3,1,0,2,1,0,0,5,5,0,1,0,4,2,0,0,1,4,0,2,0,4,4,0,5
// Alquimista Bebê
4041,4,5,5,0,0,1,0,5,4,0,2,0,5,2,1,0,4,0,5,3,5,0,4,4,5,1,0,5,4,0,3,5,0,1,0,3,0,4,0,2,0,0,1,0,2,0,0,0,2,2
// Bardo Bebê
4042,5,2,1,0,4,6,5,0,6,2,2,0,4,0,5,5,3,0,5,6,4,0,0,2,0,0,0,1,0,2,0,5,3,0,2,0,0,5,0,4,6,0,3,0,0,5,4,2,0,5
// Odalisca Bebê
4043,6,2,1,0,4,5,6,0,5,2,2,0,4,0,6,5,3,0,6,5,4,0,0,2,0,0,0,1,0,2,0,6,3,0,2,0,0,6,0,4,5,0,3,0,0,6,4,2,0,6
// Templário Bebê (Peco)
4044,6,6,6,6,6,0,1,0,4,0,1,3,0,5,3,0,1,0,0,4,4,3,1,0,1,0,0,5,0,2,0,1,0,5,0,2,0,4,0,3,3,0,0,4,0,3,0,1,0,3
// Super Aprendiz Bebê
4045,1,0,2,0,3,0,4,0,5,0,6,0,1,0,2,0,3,0,4,0,5,0,6,0,1,0,2,0,3,0,4,0,5,0,6,0,1,0,2,0,3,0,4,0,5,0,6,0,1,0,0,2,0,0,0,3,0,0,0,4,0,0,0,5,0,0,0,6,0,0,0,0,0,0,0,0,0,0,0,0,0,0,0,0,0,0,0,0,0,0,0,0,0,0,0,0,0,0,0
// Taekwon
4046,1,1,1,1,1,1,0,0,0,5,5,5,5,5,5,0,0,0,0,2,2,2,2,2,2,0,0,0,0,0,0,0,0,0,0,0,0,0,0,0,0,0,0,0,0,0,0,0,0,0
// Mestre Taekwon
4047,1,1,1,1,1,1,1,1,1,1,1,1,0,0,0,0,0,0,0,5,5,5,5,5,5,0,0,0,0,0,0,0,0,0,0,0,0,0,2,2,2,2,2,2,2,2,2,2,2,2
// Mestre Taekwon (Voo)
4048,1,1,1,1,1,1,1,1,1,1,1,1,0,0,0,0,0,0,0,5,5,5,5,5,5,0,0,0,0,0,0,0,0,0,0,0,0,0,2,2,2,2,2,2,2,2,2,2,2,2
// Espiritualista
4049,4,4,4,4,4,4,4,4,4,4,4,4,0,0,0,0,0,0,0,3,3,3,3,3,3,0,0,0,0,0,0,0,0,0,0,0,0,0,5,5,5,5,5,5,5,5,5,5,5,5