//  ___________________________________________________________________________
// /                                                                           \
// |                 _           _   _   _                                      |
// |                | |__  _ __ / \ | |_| |__   ___ _ __   __ _                 |
// |                | '_ \| '__/ _ \| __| '_ \ / _ \ '_ \ / _` |                |
// |                | |_) | | / ___ \ |_| | | |  __/ | | | (_| |                |
// |                |_.__/|_|/_/   \_\__|_| |_|\___|_| |_|\__,_|                |
// |                                                                            |
// |                             brAthena Database                              |
// |----------------------------------------------------------------------------|
// | Nome do Database: statpoint.txt                                            |
// |----------------------------------------------------------------------------|
// | Criado por: eA/brA Dev. Team                                               |
// |----------------------------------------------------------------------------|
// | Descrição: Database contendo os pontos de experiência do Nível 1 ao 1000.  |
// \___________________________________________________________________________/
48
51
54
57
60
64
68
72
76
80
85
90
95
100
105
111
117
123
129
135
142
149
156
163
170
178
186
194
202
210
219
228
237
246
255
265
275
285
295
305
316
327
338
349
360
372
384
396
408
420
433
446
459
472
485
499
513
527
541
555
570
585
600
615
630
646
662
678
694
710
727
744
761
778
795
813
831
849
867
885
904
923
942
961
980
1000
1020
1040
1060
1080
1101
1122
1143
1164
1185
1207
1229
1251
1273
1295
1318
1341
1364
1387
1410
1434
1458
1482
1506
1530
1555
1580
1605
1630
1655
1681
1707
1733
1759
1785
1812
1839
1866
1893
1920
1948
1976
2004
2032
2060
2089
2118
2147
2176
2205
2235
2265
2295
2325
2355
2386
2417
2448
2479
2510
2542
2574
2606
2638
2670
2703
2736
2769
2802
2835
2869
2903
2937
2971
3005
3040
3075
3110
3145
3180
3216
3252
3288
3324
3360
3397
3434
3471
3508
3545
3583
3621
3659
3697
3735
3774
3813
3852
3891
3930
3970
4010
4050
4090
4130
4171
4212
4253
4294
4335
4377
4419
4461
4503
4545
4588
4631
4674
4717
4760
4804
4848
4892
4936
4980
5025
5070
5115
5160
5205
5251
5297
5343
5389
5435
5482
5529
5576
5623
5670
5718
5766
5814
5862
5910
5959
6008
6057
6106
6155
6205
6255
6305
6355
6405
6456
6507
6558
6609
6660
6712
6764
6816
6868
6920
6973
7026
7079
7132
7185
7239
7293
7347
7401
7455
7510
7565
7620
7675
7730
7786
7842
7898
7954
8010
8067
8124
8181
8238
8295
8353
8411
8469
8527
8585
8644
8703
8762
8821
8880
8940
9000
9060
9120
9180
9241
9302
9363
9424
9485
9547
9609
9671
9733
9795
9858
9921
9984
10047
10110
10174
10238
10302
10366
10430
10495
10560
10625
10690
10755
10821
10887
10953
11019
11085
11152
11219
11286
11353
11420
11488
11556
11624
11692
11760
11829
11898
11967
12036
12105
12175
12245
12315
12385
12455
12526
12597
12668
12739
12810
12882
12954
13026
13098
13170
13243
13316
13389
13462
13535
13609
13683
13757
13831
13905
13980
14055
14130
14205
14280
14356
14432
14508
14584
14660
14737
14814
14891
14968
15045
15123
15201
15279
15357
15435
15514
15593
15672
15751
15830
15910
15990
16070
16150
16230
16311
16392
16473
16554
16635
16717
16799
16881
16963
17045
17128
17211
17294
17377
17460
17544
17628
17712
17796
17880
17965
18050
18135
18220
18305
18391
18477
18563
18649
18735
18822
18909
18996
19083
19170
19258
19346
19434
19522
19610
19699
19788
19877
19966
20055
20145
20235
20325
20415
20505
20596
20687
20778
20869
20960
21052
21144
21236
21328
21420
21513
21606
21699
21792
21885
21979
22073
22167
22261
22355
22450
22545
22640
22735
22830
22926
23022
23118
23214
23310
23407
23504
23601
23698
23795
23893
23991
24089
24187
24285
24384
24483
24582
24681
24780
24880
24980
25080
25180
25280
25381
25482
25583
25684
25785
25887
25989
26091
26193
26295
26398
26501
26604
26707
26810
26914
27018
27122
27226
27330
27435
27540
27645
27750
27855
27961
28067
28173
28279
28385
28492
28599
28706
28813
28920
29028
29136
29244
29352
29460
29569
29678
29787
29896
30005
30115
30225
30335
30445
30555
30666
30777
30888
30999
31110
31222
31334
31446
31558
31670
31783
31896
32009
32122
32235
32349
32463
32577
32691
32805
32920
33035
33150
33265
33380
33496
33612
33728
33844
33960
34077
34194
34311
34428
34545
34663
34781
34899
35017
35135
35254
35373
35492
35611
35730
35850
35970
36090
36210
36330
36451
36572
36693
36814
36935
37057
37179
37301
37423
37545
37668
37791
37914
38037
38160
38284
38408
38532
38656
38780
38905
39030
39155
39280
39405
39531
39657
39783
39909
40035
40162
40289
40416
40543
40670
40798
40926
41054
41182
41310
41439
41568
41697
41826
41955
42085
42215
42345
42475
42605
42736
42867
42998
43129
43260
43392
43524
43656
43788
43920
44053
44186
44319
44452
44585
44719
44853
44987
45121
45255
45390
45525
45660
45795
45930
46066
46202
46338
46474
46610
46747
46884
47021
47158
47295
47433
47571
47709
47847
47985
48124
48263
48402
48541
48680
48820
48960
49100
49240
49380
49521
49662
49803
49944
50085
50227
50369
50511
50653
50795
50938
51081
51224
51367
51510
51654
51798
51942
52086
52230
52375
52520
52665
52810
52955
53101
53247
53393
53539
53685
53832
53979
54126
54273
54420
54568
54716
54864
55012
55160
55309
55458
55607
55756
55905
56055
56205
56355
56505
56655
56806
56957
57108
57259
57410
57562
57714
57866
58018
58170
58323
58476
58629
58782
58935
59089
59243
59397
59551
59705
59860
60015
60170
60325
60480
60636
60792
60948
61104
61260
61417
61574
61731
61888
62045
62203
62361
62519
62677
62835
62994
63153
63312
63471
63630
63790
63950
64110
64270
64430
64591
64752
64913
65074
65235
65397
65559
65721
65883
66045
66208
66371
66534
66697
66860
67024
67188
67352
67516
67680
67845
68010
68175
68340
68505
68671
68837
69003
69169
69335
69502
69669
69836
70003
70170
70338
70506
70674
70842
71010
71179
71348
71517
71686
71855
72025
72195
72365
72535
72705
72876
73047
73218
73389
73560
73732
73904
74076
74248
74420
74593
74766
74939
75112
75285
75459
75633
75807
75981
76155
76330
76505
76680
76855
77030
77206
77382
77558
77734
77910
78087
78264
78441
78618
78795
78973
79151
79329
79507
79685
79864
80043
80222
80401
80580
80760
80940
81120
81300
81480
81661
81842
82023
82204
82385
82567
82749
82931
83113
83295
83478
83661
83844
84027
84210
84394
84578
84762
84946
85130
85315
85500
85685
85870
86055
86241
86427
86613
86799
86985
87172
87359
87546
87733
87920
88108
88296
88484
88672
88860
89049
89238
89427
89616
89805
89995
90185
90375
90565
90755
90946
91137
91328
91519
91710
91902
92094
92286
92478
92670
92863
93056
93249
93442
93635
93829
94023
94217
94411
94605
94800
94995
95190
95385
95580
95776
95972
96168
96364
96560
96757
96954
97151
97348
97545
97743
97941
98139
98337
98535
98734
98933
99132
99331
99530
99730
99930
100130
100330
100530
100731
100932
101133
101334
101535
101737
101939
102141
102343
102545
