//  ________________________________________________________
// /                                                        \
// |       _           _   _   _                            |
// |      | |__  _ __ / \ | |_| |__   ___ _ __   __ _       |
// |      | '_ \| '__/ _ \| __| '_ \ / _ \ '_ \ / _` |      |
// |      | |_) | | / ___ \ |_| | | |  __/ | | | (_| |      |
// |      |_.__/|_|/_/   \_\__|_| |_|\___|_| |_|\__,_|      |
// |                                                        |
// |                    brAthena Script                     |
// |--------------------------------------------------------|
// | Nome do Database: exp.txt                              |
// |--------------------------------------------------------|
// | Criado por: eA/brA Dev. Team                           |
// |--------------------------------------------------------|
// | Descrição: Database das Tabelas de Experiência         | 
// |das Classes.                                            |
// |--------------------------------------------------------|
// | Estrutura da Database:                                 |
// | Level Máximo,Classe,Tipo (0 - Base  1 - Classe),	    |
// | Exp para Lv 1,2,3,4,5,6,7,8,9,10,11,12,13,14,15,16,17, |
// | 18,19,20,21,22,23,24,25,26,27,28,29,30,31,32,33,34,35, |
// | 36,37,38,39,40,41,42,43,44,45,46,47,48,49,50,51,52,53, |
// | 54,55,56,57,58,59,60,61,62,63,64,65,66,67,68,69,70,71, |
// | 72,73,74,75,76,77,78,79,80,81,82,83,84,85,86,87,88,89, |
// | 90,91,92,93,94,95,96,97,98                             |
// \________________________________________________________/
//
//Formato da tabela de experiências:
//Level Máximo,Classe,Ttpo (0 - Base; 1 - Classe),Exp para Lv: 1,2,3,4,5,6,7,8,9,10,11,12,13,14,15,16,17,18,19,20,21,22,23,24,25,26,27,28,29,30,31,32,33,34,35,36,37,38,39,40,41,42,43,44,45,46,47,48,49,50,51,52,53,54,55,56,57,58,59,60,61,62,63,64,65,66,67,68,69,70,71,72,73,74,75,76,77,78,79,80,81,82,83,84,85,86,87,88,89,90,91,92,93,94,95,96,97,98
//Base - Classes Normais & Bebês.
99,0:1:2:3:4:5:6:7:8:9:10:11:12:13:14:15:16:17:18:19:20:21:23:24:25:26:4023:4024:4025:4026:4027:4028:4029:4030:4031:4032:4033:4034:4035:4036:4037:4038:4039:4040:4041:4042:4043:4044:4045:4046:4047:4048:4049:4050:4051:4052,0,550,900,1500,2200,3200,3800,4200,4550,5000,5500,6000,6100,6350,6700,7350,8000,8400,8800,9200,9700,10300,11000,11800,13000,14000,15000,16000,17000,18000,19000,20000,21000,22000,23200,24000,26000,27500,29000,30000,31500,33000,34000,36000,37500,38000,40000,42000,44500,47000,49000,51000,53000,55000,57000,59000,61500,63000,65000,67000,69000,70000,73000,77000,80000,84000,88000,91000,95000,110000,128000,140000,155000,163000,170000,180000,188000,195000,200000,230000,260000,300000,350000,400000,480000,550000,600000,680000,750000,900000,1000000,1200000,1500000,1800000,2100000,2400000,2800000,3300000,4000000
//Base - Classes T.
99,4001:4002:4003:4004:4005:4006:4007:4008:4009:4010:4011:4012:4013:4014:4015:4016:4017:4018:4019:4020:4021:4022,0,660,1080,1800,2640,3840,4560,5040,5460,6000,6600,7200,7320,4620,8040,8820,9600,10080,10560,11040,12610,13390,14300,15340,16900,18460,19500,20800,22100,23400,24700,26000,27300,28600,30160,31200,33800,35750,37700,39000,44100,46200,47600,50400,52500,53200,56000,58800,62300,65800,68600,71400,74200,77000,79800,82600,86100,88200,91000,96800,103500,105000,109500,115500,120000,126000,132000,136500,142500,165000,192000,210000,232500,244500,255000,270000,282000,292500,300000,345000,416000,480000,560000,640000,768000,880000,960000,1088000,1200000,1440000,1700000,2040000,2550000,3060000,3570000,4080000,4760000,5610000,6800000
//Classe - Aprendiz.
10,0:4023,1,10,18,28,40,91,151,205,268,340
//Classe - 1º Classes.
50,1:2:3:4:5:6:26:4024:4025:4026:4027:4028:4029:4046,1,60,130,260,460,780,1060,1300,1560,1910,2290,2680,2990,3340,3740,4360,4970,5530,6120,6700,8090,8920,9970,11080,12690,14440,15850,17400,19220,21060,22870,24910,26840,29080,31320,33300,37110,40500,43570,46180,53510,57200,60310,65690,70090,72130,77540,83320,90120,97180
//Classe - 2º Classes.
50,7:8:9:10:11:12:13:14:15:16:17:18:19:20:21:4030:4031:4032:4033:4034:4035:4036:4037:4038:4039:4040:4041:4042:4043:4044:4049:4050:4051:4052,1,2500,4200,7000,10300,15900,18900,20900,22600,24900,28800,31500,32000,33300,35100,40500,44100,46300,48500,50700,56000,59400,63500,68100,75000,85700,90500,96600,102600,108600,119700,126000,132300,138600,146100,157500,170600,180400,190300,196800,214900,225200,232000,245700,255900,279300,294000,308700,327000,345400
//Classe - Super Aprendiz.
99,23:4045,1,60,130,260,460,780,1060,1300,1560,1910,2290,2680,2990,3340,3740,4360,4970,5530,6120,6700,8090,8920,9970,11080,12690,14440,15850,17400,19220,21060,22870,24910,26840,29080,31320,33300,37110,40500,43570,46180,53510,57200,60310,65690,70090,72130,77540,83320,90120,97180,590100,600100,610100,620100,630100,640100,650100,660100,670100,680100,690100,700100,710100,720100,730100,740100,750100,760100,770100,780100,790100,800100,810100,820100,830100,840100,850100,860100,870100,880100,890100,900100,910100,920100,930100,940100,950100,960100,970100,980100,990100,1000100,1010100,1020100,1030100,1040100,1050100,1060100,1070100
//Classe - Aprendiz T.
10,4001,1,12,22,35,50,113,188,256,335,425
//Classe - 1° Classes T.
50,4002:4003:4004:4005:4006:4007,1,340,550,760,990,1250,1600,1980,2340,2740,3140,3950,4510,5210,5950,7000,8150,9130,10220,11480,12780,14090,15560,16980,18620,20280,21780,24510,27000,29000,31000,36000,39000,41000,45000,49000,51900,55000,59450,64630,70030,74940,79800,84630,89610,95170,100420,107250,112070,118120
//Clase - 2° Classes T.
70,4008:4009:4010:4011:4012:4013:4014:4015:4016:4017:4018:4019:4020:4021:4022,1,3800,6200,10400,15200,22900,27100,30000,32500,35700,41300,45000,45800,47600,50300,58700,63900,67100,70300,73500,90600,96200,102700,110200,121400,144700,152900,163100,173300,183500,213500,224700,236000,247200,260700,299800,324800,343600,362300,374800,474400,497000,512100,542200,564800,644300,678200,712100,754500,796900,949300,988100,1026800,1065600,1104300,1334800,1371400,1425300,1470600,1515800,2003800,2032800,2119900,2236100,2323200,3025300,3433300,3776600,4436900,6758400
//Classe - Mestre Taekwon.
50,4047:4048,1,15000,15000,15000,15000,15000,15000,15000,15000,15000,15000,15000,15000,15000,15000,15000,15000,15000,15000,25000,30000,32000,34000,36000,38000,40000,42000,44000,46000,48000,50000,52000,54000,56000,58000,60000,63000,66000,69000,72000,75000,80000,85000,90000,95000,100000,110000,120000,130000,150000
//Classe - Ninja & Justiceiro.
70,24:25,1,200,300,400,600,700,1000,1200,1400,1700,1900,2400,2700,3200,3600,4200,4900,5500,6100,6900,7700,8400,9300,10100,11100,12100,13000,14600,16100,17500,18600,21500,23300,24700,27000,29000,30000,32400,35000,38100,41100,44000,46700,49600,52500,55600,58900,62700,65500,69200,72300,81200,84100,89300,95500,100900,107800,114900,120700,128600,150500,176900,196100,219600,234200,247900,266400,281300,296600,308000
//Base - 3° Classes - Normais & Babês.
99,4054:4055:4056:4057:4058:4059:4066:4067:4068:4069:4070:4071:4072:4080:4082:4084:4086:4096:4097:4098:4099:4100:4101:4102:4103:4104:4105:4106:4107:4108:4109:4110:4111:4112,0,9,16,25,36,77,112,153,200,253,320,385,490,585,700,830,970,1120,1260,1420,1620,1860,1990,2240,2504,2950,3426,3934,4474,6889,7995,9174,10425,11748,13967,15775,17678,19677,21773,30543,34212,38065,42102,46323,53026,58419,64041,69892,75973,102468,115254,128692,142784,157528,178184,196300,215198,234879,255341,330188,365914,403224,442116,482590,536948,585191,635278,687211,740988,925400,1473746,1594058,1718928,1848355,1982340,2230113,2386162,2547417,2713878,3206160,3681024,4022472,4377024,4744680,5125440,5767272,6204000,6655464,7121664,7602600,9738720,11649960,13643520,18339300,23836800,35658000,48687000,58135000,99999999,106947144,110517434,114161918,117880680,121673767,125541185,129482901,133498844,137588903,141752928,145990732,150302088,154686733,159144364,163674642,168277191,172951600,177697420,182514167,187401324,192358338,197384623,202479560,207642499,212872757,218169621,223532347,228960163,234452268,240007834,245626005,251305900,257046613,262847212,268706744,274624232,280598679,286629065,292714352,298853483,305045382,311288957,317583099,323926685,330318577,336757623,343242660,349772512,356345994,362961909,369619053
//Base - 3° Classes T.
99,4060:4061:4062:4063:4064:4065:4073:4074:4075:4076:4077:4078:4079:4081:4083:4085:4087,0,10,18,28,40,85,123,168,220,278,400,481,613,731,875,1038,1213,1400,1575,1775,2268,2604,2786,3136,3506,4130,4796,5508,6264,9645,12392,14220,16159,18209,21649,24451,27401,30499,33748,47342,58160,64711,71573,78749,90144,99312,108870,118816,129154,174196,213220,238080,264150,291427,329640,363155,398116,434526,472381,610848,731828,806448,884232,965180,1073896,1170382,1270556,1374422,1481976,1850800,3389616,3666333,3953534,4251217,4559382,5129260,5488173,5859059,6241919,7374168,9570662,10458427,11380262,12336168,13326144,14994907,16130400,17304200,18516326,19766760,29216160,34949880,40930560,55017900,71510400,106974000,146061000,174405000,343210000,777020492,793119465,809352795,825717601,842210961,858829917,875571475,892432609,909410264,926501355,943702774,961011389,978424047,995937576,1013548788,1031254481,1049051440,1066936441,1084906252,1102957634,1121087346,1139292145,1157568786,1175914029,1194324635,1212797373,1231329018,1249916355,1268556179,1287245299,1305980536,1324758729,1343576732,1362431419,1381319683,1400238439,1419184625,1438155202,1457147157,1476157502,1495183278,1514221554,1533269429,1552324031,1571382520,1590442090,1609499966,1628553409,1647599713,1666636209,1685660263
//Classe - 3° Classes - Normais & Babês.
50,4054:4055:4056:4057:4058:4059:4066:4067:4068:4069:4070:4071:4072:4080:4082:4084:4086:4096:4097:4098:4099:4100:4101:4102:4103:4104:4105:4106:4107:4108:4109:4110:4111:4112,1,144,184,284,348,603,887,1096,1598,2540,3676,4290,4946,6679,9492,12770,14344,16005,20642,27434,35108,38577,42206,52708,66971,82688,89544,96669,117821,144921,174201,186677,199584,238617,286366,337147,358435,380376,447685,526989,610246,644736,793535,921810,1106758,1260955,1487304,1557657,1990632,2083386
//Classe - 3° Classes T.
50,4060:4061:4062:4063:4064:4065:4073:4074:4075:4076:4077:4078:4079:4081:4083:4085:4087,1,288,368,568,696,1206,1774,2192,3196,5080,7352,8580,9892,13358,18984,31925,35860,40013,51605,68585,87770,96443,105515,131770,167428,206720,223860,241673,294553,362303,479053,513362,548856,656197,787507,927154,985696,1046034,1231134,1449220,1678177,1773024,2182221,2534978,3043585,3782865,4461912,4672971,5971896,6250158,6875174,7562691,8318960,9150856,10065942,11877812,14015818,16538655,19515624,23028437,28094693,34275525,41816141,51015692,62239144,79666104,101972614,130524946,167071930,213852071